-11 0 0 3 0 0
-13 0 0 5 0 0
-17 0 0 9 0 0
-14 0 0 6 0 0
-18 0 0 10 0 0
-20 0 0 12 0 0
-12 4 4 3 0 1
-14 4 4 5 0 1
-18 4 4 9 0 1
-15 4 4 6 0 1
-19 4 4 10 0 1
-21 4 4 12 0 1
-12 4 3 3 0 2
-14 4 3 5 0 2
-18 4 3 9 0 2
6 0 2 6 0 2
10 0 2 10 0 2
12 0 2 12 0 2
-12 4 2 3 0 3
-14 4 2 5 0 3
-18 4 2 9 0 3
6 0 3 6 0 3
10 0 3 10 0 3
12 0 3 12 0 3
-12 4 1 3 0 4
-14 4 1 5 0 4
-18 4 1 9 0 4
6 0 4 6 0 4
-19 4 1 10 0 4
-21 4 1 12 0 4
3 1 0 3 1 0
-14 4 0 5 1 0
9 1 0 9 1 0
-15 4 0 6 1 0
10 1 0 10 1 0
-21 4 0 12 1 0
3 1 1 3 1 1
5 1 1 5 1 1
9 1 1 9 1 1
6 1 1 6 1 1
10 1 1 10 1 1
12 1 1 12 1 1
3 1 2 3 1 2
5 1 2 5 1 2
9 1 2 9 1 2
6 1 2 6 1 2
10 1 2 10 1 2
12 1 2 12 1 2
-12 3 2 3 1 3
-14 3 2 5 1 3
-18 3 2 9 1 3
-15 3 2 6 1 3
-19 3 2 10 1 3
-21 3 2 12 1 3
3 1 4 3 1 4
5 1 4 5 1 4
-18 3 1 9 1 4
6 1 4 6 1 4
-19 3 1 10 1 4
-21 3 1 12 1 4
3 2 0 3 2 0
-14 3 0 5 2 0
9 2 0 9 2 0
-15 3 0 6 2 0
10 2 0 10 2 0
-21 3 0 12 2 0
3 2 1 3 2 1
5 2 1 5 2 1
9 2 1 9 2 1
6 2 1 6 2 1
10 2 1 10 2 1
12 2 1 12 2 1
-12 2 3 3 2 2
-14 2 3 5 2 2
-18 2 3 9 2 2
-15 2 3 6 2 2
-19 2 3 10 2 2
-21 2 3 12 2 2
-12 2 2 3 2 3
-14 2 2 5 2 3
-18 2 2 9 2 3
-15 2 2 6 2 3
-19 2 2 10 2 3
-21 2 2 12 2 3
3 2 4 3 2 4
5 2 4 5 2 4
-18 2 1 9 2 4
6 2 4 6 2 4
-19 2 1 10 2 4
-21 2 1 12 2 4
3 3 0 3 3 0
-14 2 0 5 3 0
9 3 0 9 3 0
-15 2 0 6 3 0
10 3 0 10 3 0
-21 2 0 12 3 0
-12 1 4 3 3 1
-14 1 4 5 3 1
-18 1 4 9 3 1
-15 1 4 6 3 1
-19 1 4 10 3 1
-21 1 4 12 3 1
3 3 2 3 3 2
5 3 2 5 3 2
9 3 2 9 3 2
6 3 2 6 3 2
10 3 2 10 3 2
12 3 2 12 3 2
3 3 3 3 3 3
5 3 3 5 3 3
9 3 3 9 3 3
6 3 3 6 3 3
10 3 3 10 3 3
12 3 3 12 3 3
-12 1 1 3 3 4
-14 1 1 5 3 4
-18 1 1 9 3 4
-15 1 1 6 3 4
-19 1 1 10 3 4
-21 1 1 12 3 4
-12 1 0 3 4 0
-14 1 0 5 4 0
9 4 0 9 4 0
-15 1 0 6 4 0
-19 1 0 10 4 0
-21 1 0 12 4 0
-12 0 4 3 4 1
5 4 1 5 4 1
9 4 1 9 4 1
-15 0 4 6 4 1
-19 0 4 10 4 1
12 4 1 12 4 1
-12 0 3 3 4 2
5 4 2 5 4 2
9 4 2 9 4 2
-15 0 3 6 4 2
-19 0 3 10 4 2
12 4 2 12 4 2
-12 0 2 3 4 3
5 4 3 5 4 3
9 4 3 9 4 3
-15 0 2 6 4 3
-19 0 2 10 4 3
12 4 3 12 4 3
-12 0 1 3 4 4
-14 0 1 5 4 4
-18 0 1 9 4 4
-15 0 1 6 4 4
-19 0 1 10 4 4
-21 0 1 12 4 4